9.699458615911975556e+00
7.159779167928244092e+00
1.175754409408879830e+01
7.315998203381403719e+00
1.761138033879174358e+01
6.242674039204295866e+00
7.647285079537685881e+00
8.114434613377222050e+00
8.752331352607058079e+00
6.352125565147927588e+00
5.438653189155994383e+00
6.745671726391824663e+00
8.243232504271098549e+00
9.515171135129653734e+00
9.069406626903395718e+00
9.596735571708354229e+00
8.699574096061475359e+00
1.246855098324623334e+01
9.110613037172074158e+00
9.516396586571335803e+00
7.470004553277086679e+00
1.112810358900863683e+01
8.382715961426219664e+00
6.988532326439850451e+00
6.066646091095292626e+00
5.828845172496840199e+00
1.479468009405557716e+01
6.121749384080530376e+00
1.411197436057370425e+01
5.407461622557076630e+00
9.768320105015046551e+00
7.961391188698601518e+00
7.637632722083046666e+00
1.116028605547164609e+01
1.040672281642498476e+01
1.257719474272956184e+01
8.412703279906352805e+00
6.820598212103556435e+00
1.024051211737886113e+01
5.734441934564324939e+00
4.688479314225266315e+00
1.254265764852071108e+01
6.621893995086775675e+00
8.745189439089571692e+00
1.509067840173286257e+01
1.030687099266913798e+01
1.007598435141280468e+01
7.438487955190675294e+00
8.165558731450213159e+00
1.191391420050478978e+01
7.634466988596789960e+00
9.093518993221282543e+00
9.998053266887700019e+00
6.385299835224848231e+00
1.352199926852393475e+01
7.665639242984218171e+00
6.856906314405832426e+00
1.022092717054424327e+01
9.576205272172916949e+00
9.911885601237067078e+00
7.277002467986347867e+00
7.945304286784879544e+00
1.395853886833520896e+01
6.580678646060453829e+00
1.623837401730601115e+01
6.478364359291250096e+00
8.434889202163864397e+00
5.679941187419458970e+00
1.308660840325377350e+01
8.394000405693654798e+00
5.728639359644863482e+00
1.417448621652043173e+01
7.921346842889501971e+00
1.042796875667807477e+01
1.309057158833491741e+01
1.371271921743864297e+01
5.910240477170068729e+00
1.220313149783066642e+01
7.027810088184953230e+00
7.016584822531592991e+00
1.089327915701568017e+01
1.105870898239652433e+01
1.493143664247917535e+01
4.909751607997500322e+00
4.902673454403837283e+00
7.908956370390122892e+00
1.986549574433768228e+01
4.036116257038559141e+00
1.574574525666919556e+01
9.183570150430734103e+00
6.069677368836425835e+00
7.016060574623312895e+00
7.701456332039282593e+00
5.918529673321340390e+00
1.500248674859894393e+01
7.356703980676126520e+00
9.161097734031002915e+00
9.062979520626852192e+00
8.827507422897506117e+00
1.539552370092183864e+01
9.939239963109082865e+00
1.771522814931989132e+01
1.105532530995855289e+01
1.215418103931548544e+01
9.245364072635943842e+00
4.307965421383722848e+00
8.839652409727902338e+00
6.845242576733312490e+00
8.594192222635802736e+00
1.027069112273174589e+01
7.998357801319175842e+00
1.007658432224941869e+01
6.302141630485529333e+00
9.912118186409825782e+00
1.330143918574172091e+01
1.760908625302723962e+01
1.372489702618991281e+01
1.204826581116577167e+01
7.760467572339278419e+00
9.857706426394660326e+00
9.152678612620251286e+00
1.106088436898871841e+01
6.017589556891323355e+00
8.904176883738914583e+00
6.142737475787323653e+00
1.290459998109336404e+01
1.239957833485865279e+01
1.366008048464953006e+01
9.134046886274427735e+00
7.484230570011957795e+00
5.133421726806444596e+00
6.232938424266833977e+00
6.011123511522993290e+00
1.483524651424739282e+01
9.505749581460944952e+00
1.275531547990146741e+01
1.680452665993446359e+01
7.101425079798886486e+00
1.025636341247026628e+01
1.213382240638565612e+01
1.348115496122424872e+01
1.039476846071018379e+01
1.453124539210661226e+01
1.052536929953748945e+01
1.769685945659986714e+01
9.420578222152528269e+00
1.531110507276287258e+01
1.213313062515252305e+01
5.415428729029189370e+00
8.871714044166958857e+00
8.415889384505012671e+00
9.025198452475194699e+00
1.507037412411568944e+01
1.249728083580867910e+01
1.201342201645243435e+01
6.843029624567417812e+00
7.605344159295513329e+00
7.979075929844468895e+00
4.941470249128757430e+00
5.306911531599456389e+00
4.711261691529789353e+00
9.163322222592322319e+00
9.051279904271131826e+00
8.140949314447643914e+00
7.420428546120245272e+00
1.147950653049578307e+01
1.475482986841410415e+01
7.801873416370199266e+00
1.118330051031702155e+01
1.078793070077943916e+01
1.537507827809837835e+01
1.001691987197296640e+01
5.330337206621623025e+00
1.149829973929111482e+01
1.585508151889102102e+01
5.947581296215105340e+00
1.659919714764912513e+01
1.283632263250411576e+01
6.145463927828483719e+00
9.223053769999657092e+00
1.491930957917820422e+01
1.398115985082896096e+01
1.026578462105747924e+01
6.654327874588159553e+00
9.984076970906276216e+00
8.797762706140618505e+00
9.074112070322390977e+00
8.456805062434970210e+00
7.898374745293184951e+00
5.373689190539578497e+00
1.030013031954924152e+01
1.367581347620711263e+01
6.884574404578963858e+00
5.890520393940270161e+00
6.601473152812128653e+00
6.955679575128976388e+00
1.234420782932479455e+01
1.143428141071302662e+01
1.137493714423858826e+01
1.283630088291380211e+01
5.646608332085530257e+00
4.333833348007244624e+00
5.716895387706900422e+00
8.873815149016769155e+00
9.027661098452851363e+00
6.828734807265424145e+00
9.974272043524171849e+00
7.051186601940629295e+00
7.624924456644316173e+00
6.807110498697490186e+00
1.034726925346176074e+01
5.828172190103268591e+00
6.849628281890676185e+00
7.775754514393191208e+00
4.990217727061495800e+00
8.994807309216389157e+00
4.973651278839317236e+00
8.448468356629650344e+00
5.231057777936452879e+00
6.649054026605095480e+00
9.243876708310169832e+00
1.418242481454164228e+01
1.225068172946476430e+01
8.443523800580010175e+00
7.541560472804182069e+00
1.109101688207696768e+01
1.149049046062227220e+01
8.286907844924169098e+00
6.308263374595828310e+00
1.095877149772050885e+01
8.714418406223817470e+00
6.479826117518775241e+00
1.121344248356832374e+01
1.188260977883217784e+01
5.689157111672689560e+00
8.548383851689623114e+00
6.027123390306672768e+00
1.101501369619773385e+01
1.009478695189825537e+01
1.890701406419755060e+01
9.386949441798648763e+00
6.424347773699691899e+00
9.817577068882497926e+00
8.854484542110748535e+00
1.087477843915291054e+01
1.111015848728141364e+01
9.036961120507406520e+00
6.753363995852650348e+00
1.191457656412983290e+01
9.627250490189023679e+00
