1.848306893780244098e-01
1.192450720634081474e-01
1.189712929491869992e-01
1.211500653827106144e-01
9.467679615567088369e-01
9.174531328984787404e-01
3.078596142630972143e-01
9.128486165392971780e-03
2.257177104594697836e-01
1.869369193967630183e-01
1.696035565707872950e-01
1.180880901474081618e-01
8.282027591121146060e-01
9.060882433036185346e-02
8.550646715511773799e-01
3.836658433300586118e-02
2.879826077937054363e-01
1.517927009833684726e-01
2.689205888778690157e-01
6.145884920302769477e-02
1.429994316902479801e-01
2.214818521096810766e-01
1.207313504432915019e-01
4.368658930077159996e-02
2.179432525311120750e-01
2.188780971228498073e-01
3.747429602706340845e-01
9.524493890575795596e-02
9.641411146109168939e-02
1.135007819455975675e-01
4.103868992253473791e-01
5.778125545351323611e-01
6.733223636827449787e-02
1.820762115212609389e-01
7.256597699452756178e-02
2.904645814219327660e-01
3.636137762747836955e-01
2.802502511413161868e-01
1.026729874708122020e-01
1.749777607179146821e-02
2.265624627102296451e-01
6.747018088376020850e-02
2.002202322923617162e-01
3.132809662606836909e-01
8.817433075682983012e-02
2.200508297993057916e-01
2.528357819551936836e-01
3.614023538979872774e-02
1.414444893343293486e-01
1.551589317912080435e-01
9.328551289882011099e-01
7.366555390631306377e-01
7.835301566609523816e-01
8.623647513262210351e-01
5.896458689607456671e-01
8.485572502130924732e-01
9.129889411090919005e-01
6.715611693869898424e-01
6.505000945937837731e-01
9.569874909625067927e-01
8.985210274633923522e-01
4.193474059242897622e-01
9.779993334920199510e-01
6.778968996109352441e-01
5.147011927578286627e-01
9.799013148168054244e-01
9.536337851019004441e-01
8.127704321897630813e-01
9.030667569405496087e-01
4.248884043880200023e-01
6.252247593330088060e-01
4.761907478278692984e-01
3.454961967297792147e-01
9.851965884042056532e-01
2.578541695526709310e-01
8.494738723163921534e-01
8.250470913467063960e-01
7.255325389972322458e-01
8.268815094811066135e-02
7.655216678135740027e-01
7.584590954516284844e-01
8.919152259858220688e-01
8.956204013609361247e-01
9.635357530538808390e-01
7.657068368156243476e-01
9.554915251733808734e-01
9.957761445775151765e-01
4.074284287812937055e-01
9.813931154087276454e-01
8.999501103416948089e-01
7.374370200581817913e-01
4.914270057263273594e-01
5.685515870484447731e-01
8.607610299618264627e-01
2.179965721502827303e-01
9.490646173230831151e-01
8.922801692024200371e-01
6.728473112913671006e-01
8.266722101639311093e-01
9.794470916086714940e-01
