1.849953337963190780e-01
1.220791153064165746e-01
1.207852834967046984e-01
1.228427194437148318e-01
9.455383373759804755e-01
9.166822349592030905e-01
3.093723093842064564e-01
9.361829914020932189e-03
2.275558602520603158e-01
1.893130713175708302e-01
1.697399271602879900e-01
1.204080283785075034e-01
8.265533099532219596e-01
9.178534931411505560e-02
8.516397137795387318e-01
3.987170063430504202e-02
2.916344816415554209e-01
1.510439877980481460e-01
2.708835857533163360e-01
6.273139763444483818e-02
1.450786927083111411e-01
2.209632019640477285e-01
1.217282309852341232e-01
4.457694353603375986e-02
2.213137546093184027e-01
2.223133600074232163e-01
3.785960663552684347e-01
9.805251710504982177e-02
9.844233682964724508e-02
1.150523487669958544e-01
4.122508264018686641e-01
5.835676369521149986e-01
7.013397235469337465e-02
1.849199339525257335e-01
7.390333519816980057e-02
2.900645567048351081e-01
3.640263853185419785e-01
2.808386177503570114e-01
1.038725373185875045e-01
1.818640948021817486e-02
2.285281406293772077e-01
6.809466479580200682e-02
2.028854515275633763e-01
3.156093254718485563e-01
8.909837287042970955e-02
2.237065374953620955e-01
2.562076747457948112e-01
3.695713821039744301e-02
1.410424749423892232e-01
1.568386884847443874e-01
9.317855755325076261e-01
7.358836243389836884e-01
7.833305536421950599e-01
8.592675208406636012e-01
5.865927228934773030e-01
8.451064952172457900e-01
9.096532645879564782e-01
6.675485729388078715e-01
6.507423247140728950e-01
9.565950933272547863e-01
8.962023761185584636e-01
4.227020740207215743e-01
9.773337772523214007e-01
6.752938634585575750e-01
5.098909783257866701e-01
9.794628855105931287e-01
9.524517947107902227e-01
8.125922125115726535e-01
9.021820086755801826e-01
4.216910684263183162e-01
6.252297764873449015e-01
4.783866352161887381e-01
3.509581962519790488e-01
9.847919195976817530e-01
2.575119945501315732e-01
8.466291335983925359e-01
8.244665108900809392e-01
7.249136108070147744e-01
8.390147432197261890e-02
7.632555600825320363e-01
7.534911264891061000e-01
8.903322709138824509e-01
8.931204499595780666e-01
9.624907499097897778e-01
7.666126826327041011e-01
9.547908339562360958e-01
9.955925620700200041e-01
4.095736104273896561e-01
9.809345620424821943e-01
8.975747114456651410e-01
7.353312156993744297e-01
4.907089544429925621e-01
5.643886822644919032e-01
8.609824539022300494e-01
2.190553037710977202e-01
9.477372885409665049e-01
8.910611597488977687e-01
6.731991938597481351e-01
8.274172566817080687e-01
9.788009697102012518e-01
